                                                                                
  648  0.5000500E+02
   0.1341713   0.5610585   0.5890168   0.5914714   0.1021062   0.8761275
   0.2316754  -0.1978547   0.1692580  -0.0746279  -0.1590917  -0.3253073
  -0.4649043  -0.7979293  -0.6985864  -0.4721103  -0.0506489   0.1197605
   0.2903657  -0.0842146   0.0728392   1.1139080  -0.3919534   0.4348085
   0.2737508  -0.4545474   0.1023402   0.0376086   0.1545327   0.7002808
  -0.3127593   1.2235271   1.0199320  -0.3288219   0.7260387  -0.0337848
   0.2475729  -0.5860533   0.3651543  -0.3745482  -1.6082586   0.4518369
  -0.2498608  -0.3990941  -0.0381356   0.4775594  -0.3455111  -0.0822923
   0.5291200  -1.5161793  -0.1543954  -0.2501779  -0.4678858  -0.0019764
   0.3250153  -0.3873440   0.3811410   0.3118664  -0.6533996   1.4932950
  -0.1613279  -0.1598526   0.4955253  -0.1215803   0.1508413   0.0679396
  -0.7972574   0.5319608   0.0466815  -0.4896100   0.0816574   0.0014005
   0.2448417  -0.3303190   0.0685083   0.1870765  -1.1330711  -0.0221583
  -0.0727015  -0.3322976  -0.0320459   0.1405334  -0.2229788  -0.2241819
  -0.2284404  -0.8481358  -0.9126822  -0.3171390  -0.1387575  -0.4009099
  -0.2267225  -0.2303955  -0.1993460  -1.1872735   0.0236184  -0.8622988
  -0.4983372   0.2793217  -0.2937102  -0.4421552   0.0896435  -0.3101645
  -1.4966883   0.5891629  -0.5150044  -0.6505144  -0.0190474   0.1633421
   0.0228630  -0.0681207   0.5989653  -0.8349236  -0.7468167   1.0748078
  -0.4029458  -0.1463778   0.0937355   0.1583952   0.1515416  -0.3933544
   0.4787925   1.0481857  -0.7452075   0.4653122   0.5630012  -0.0371345
   0.2043280   0.5383885   0.1869594   0.5008835   1.1931638  -0.1746376
   0.3753161   0.3027973  -0.2549509   0.2849086   0.0913648  -0.0901373
   0.8798991   0.4194992  -0.7876268   0.5348042   0.5402839  -0.1983340
   0.3541671  -0.0518774  -0.0609446   1.3954729  -0.0438947   0.6220373
   0.2388490  -0.1849625   0.6039512   0.4773580  -0.2669463   0.0710973
   1.6660086   0.2594213   0.8477547   0.6074908   0.4764778   0.3661860
  -0.4954166  -0.3343995  -0.4043869  -0.6422336   0.3773638  -1.2896141
  -0.0496071   0.1852736  -0.3445217   0.0599762  -0.2015080   0.0687681
   0.5217154  -1.1056257   0.4552350   0.4799711  -0.2416746   0.3762512
  -0.2812047  -0.6413484   0.1659304   0.0486735  -1.5943122   0.1737951
   0.3001418  -0.4973623  -0.0425076   0.0105702  -0.5188835   0.4086948
   0.1060053  -0.6413282   1.5027881  -0.1106111  -0.1135521   0.6526284
  -0.3322602  -0.0076205  -0.5130815  -0.1046934   0.6563729  -1.8220895
   0.2528961   0.4012663  -0.3995982  -0.1858810  -0.1688354   0.3357595
  -0.7848957  -1.3831860   1.0928806  -0.2363049  -0.6436033   0.1111001
  -0.3638172   0.0917541  -0.0982476  -0.9051704  -0.1149497  -0.3618511
  -0.3068567  -0.1871378  -0.2527618  -0.0331940   0.2232252  -0.0814682
   0.1174737   1.0552524  -0.3664740   0.1052854   0.1844229  -0.1222503
  -0.3810947  -0.5017366  -0.4960004  -1.6832853  -0.8859331  -0.3950831
  -0.3859303  -0.2458026   0.1538422  -0.4536317   0.0787320  -0.3605807
  -0.3010743  -0.2239367  -1.4461233   0.1674371  -0.0742245  -0.4660562
  -0.5262169   0.1002557   0.0635996  -1.4438456  -0.1048181  -0.4062793
  -0.4740320  -0.2016915  -0.2819116  -0.3625942  -0.1688486   0.0792937
  -1.2255605  -0.0663384   0.0756063  -0.2942002   0.0757941  -0.1124610
  -0.1444715  -0.2718879  -0.0987602  -0.4782744  -1.0656953   0.1963340
  -0.1393996  -0.3086823   0.2567517  -0.4072820   0.0000613  -0.3138427
  -1.0615824  -0.6879381   0.2349462  -0.3390870  -0.1932605   0.3322419
   0.6255790   0.1788556  -0.0620673   1.1744321  -0.0028445   0.7819147
   0.4865335  -0.2947347   0.4443476   0.0401368  -0.1682906  -0.3784091
  -0.5199518  -0.7179475  -0.9911684  -0.1802035  -0.3541383  -0.2111566
  -0.5248536  -0.6449413   0.2532599  -0.0135568  -2.0167165   0.3581795
   0.0691583  -0.4780472  -0.1296028  -0.3500347  -0.1580818   0.5046289
  -0.1856083  -1.0285398   0.6245972   0.1664321  -0.3580834  -0.0842448
   0.6144201  -0.7576880  -0.0722930   0.6236874  -1.8017291  -0.4906161
  -0.1211110  -0.3097956  -0.2426427  -0.1808325   0.1085815   0.3886316
   0.3857278   1.1101168   1.0541842   0.4707428   0.1118662   0.3674625
   0.3037225  -0.1798747  -0.4208220   1.0552107  -0.8832042  -0.7038561
   0.2595244  -0.2157148  -0.0298555   0.4320334  -0.4291510  -0.2316097
   0.9866177  -0.0495422  -0.3664809   0.1585655   0.0797852  -0.0227139
   0.4586264  -0.4959813   0.2070533   0.4570363  -1.2439635   0.1335726
  -0.1215699  -0.2931638   0.0108785  -0.2104561   0.4919753  -0.1718352
  -0.9127051   0.6766297  -0.8445776  -0.5075472  -0.2538914  -0.3555571
  -0.0338571   0.3645382  -0.6167875  -0.2534587   1.7237754  -0.9159553
  -0.1052072   0.7110987   0.0311904   0.1626270   0.0739604   0.4871069
  -0.4956869   0.0866814   1.3914696  -0.5247241   0.1621363   0.5387542
   0.2501560  -0.1433984  -0.2986864   1.2185226   0.1463362  -0.5046678
   0.3244193   0.1662211  -0.0697368   0.0049650  -0.0825426  -0.2158207
   0.4472918  -0.7459836  -1.2773428   0.2355136  -0.1767272  -0.3129876
  -0.1310735  -0.3418805   0.7306959   0.4115178  -0.0108212   1.8166525
   0.4529756   0.4603508   0.4872011  -0.0505057  -0.6663392  -0.1206675
  -0.5017115  -1.3177377  -0.2123837  -0.1769228  -0.2085308  -0.0697157
   0.0991500  -0.1122540  -0.4679178   1.0847267  -0.3021929  -1.2677102
   0.6520098  -0.1564602  -0.2684213  -0.0268955  -0.0730842   0.2626670
  -0.4337664  -0.2570377   1.1169021  -0.0861963  -0.1697861   0.1705490
  -0.0780506   0.0084076   0.5058064   0.7197864  -0.0547456   1.4403704
   0.3783893  -0.2931290   0.1774341  -0.1411166   0.1337398   0.1862740
  -0.2897224   0.6046043   1.2375057   0.1146553   0.0869604   0.3072332
  -0.2149953  -0.0436343  -0.1606827  -0.1669165  -0.5165795  -0.4973163
   0.1480673  -0.3161236  -0.0977941   0.1924095  -0.0096292   0.0900195
   0.6725597   0.3025784  -0.1743096   0.1012410   0.0712217  -0.0867964
   0.0716402  -0.3436462   0.2701043   0.6710050  -0.4695637   0.7070382
   0.2863033   0.0148225   0.1183752  -0.1902696   0.1483594   0.0112186
  -0.8412781   0.4256190  -0.3956616  -0.0720116   0.2279671  -0.3471583
  -0.4682572  -0.1263779  -0.1355510  -1.2498433   0.1720248  -0.6613039
  -0.1353155   0.1873283  -0.2070342   0.0210783  -0.4708614  -0.1284314
  -0.6024877  -1.1945166  -0.9021798  -0.3863721  -0.2534030  -0.5415191
  -0.3394996   0.3776544   0.3683708  -1.4150929   0.7869616   0.6250753
  -0.4869012  -0.0131866   0.0911601  -0.1656979   0.4739424  -0.3374136
   0.5184404   1.1509695  -0.6893192   0.4373125   0.2430580  -0.0994388
   0.4384722   0.0573482   0.3625629   0.5152088   0.4143111   1.3000465
  -0.0607220   0.1419195   0.2538143   0.1944366  -0.4023103  -0.2120447
   0.1321975  -0.6321434  -1.0006834   0.1150447   0.0239180  -0.2860337
  -0.0875534   0.1411062  -0.5199859  -0.3857599  -0.1803731  -1.6935976
  -0.1679863  -0.2199409  -0.6798744   0.1506523  -0.3781067  -0.3768036
   0.0049252  -0.2820570  -0.9311853  -0.0578644   0.2103669  -0.3914239
   0.1141468   0.0799571  -0.4637777   0.1590908  -0.0255492  -1.0237621
   0.0432829   0.0952252  -0.2280830  -0.3535639  -0.1266783  -0.2204990
  -1.1435673  -0.3500236   0.4338272  -0.2749284  -0.0756187   0.1930267
   0.3057937   0.1040363   0.1302335   1.5973863  -0.3558399   0.0344354
   0.3348022  -0.2075718  -0.0255126  -0.3112497  -0.5204366   0.4026545
  -0.7938282  -1.8639080   0.0799527  -0.0342913  -0.6779919  -0.2057173
   0.2024586   0.3212558   0.2619346   0.7367261  -0.2616896   0.6194038
   0.1055974  -0.1870222   0.1236380  -0.0932899   0.3275836   0.0198253
   0.2711886   1.6794392  -0.3689980  -0.0315855   0.2936287  -0.5388730
  -0.3497929   0.6720448  -0.3118916   0.2985024   1.6900101  -0.5619124
   0.4555202   0.3763389  -0.2648889  -0.7100172   0.1881657  -0.2831017
  -1.4764174   0.8218723   0.3416452  -0.2806910   0.5919290   0.1786953
  -0.0876781  -0.2764390   0.0862876  -0.5861540  -1.1124404   0.8554164
  -0.2876018  -0.1151747   0.1707447   0.1265516   0.0375316  -0.1148635
   0.9607942  -0.0111782  -0.2722447   0.3955542  -0.1871940   0.2471772
   0.0321102   0.2213774  -0.8744106   0.4522002   0.8491225  -1.5185608
   0.2857346   0.2190970  -0.1775731  -0.1473047  -0.6302489  -0.2025263
   0.6838353  -1.7571524   0.8667747   0.2947013  -0.4702131   0.4945794
   0.0747974   0.2270365  -0.4504256   0.9158191   0.3497184  -0.9976888
   0.4372102   0.0822930  -0.2724467  -0.3965712   0.1530843   0.2063122
  -0.5238519   0.7256251   0.3882101  -0.0758835   0.2603431   0.1654947
  -0.0258775  -0.3779625   0.0741427   0.0652265  -1.6175350  -0.1977883
  -0.1345136  -0.5377982  -0.3760801   0.4875611   0.1023064   0.2253815
   1.0295375   1.1140798   0.5099679   0.0602664   0.4789062   0.1820764
  -0.6511175  -0.0230176  -0.1190468  -1.2205740  -0.8088186  -0.4289524
  -0.1591807  -0.3343570  -0.0478893   0.3961109  -0.2572377  -0.2983335
   1.1594568   0.8169471  -1.1315567   0.0602275   0.5292494  -0.1156629
  -0.5341290   0.4514354  -0.1194621  -1.4503802   0.2201625  -0.3990227
  -0.4966777  -0.1279950  -0.1895154   0.4970786   0.1547882  -0.3802394
   1.5926066   0.8882331  -0.1133010   0.3841934   0.3941998   0.1165155
  -0.0698734   0.3673257  -0.2360485  -0.2162940   1.5220582  -0.4401736
   0.1912128   0.7025348   0.0352117  -0.1594702   0.3674335  -0.2400638
  -0.0221078   1.7252233  -0.4003137   0.1857477   0.4820064  -0.2031295
   0.0941821   0.6089493   0.0207916   0.0627062   1.2070055  -0.6764241
  -0.0311280   0.0857958  -0.4413990  -0.0819844  -0.2273930  -0.4943769
  -0.0166977  -0.7350704  -1.1088858   0.0504904  -0.3844247  -0.0461204
   0.1822541   0.0883668  -0.2261941   1.3138113   0.2343301  -0.7298148
   0.2728850   0.0304516   0.0091649   0.4675419  -0.4924159  -0.2906681
   1.2416088  -0.9316611  -0.2211656   0.6772683  -0.3924898   0.4105363
   0.0634044  -0.5398104  -0.1442736   0.2480532  -0.7222816  -1.1086857
   0.1197408   0.1641730  -0.7241416  -0.2478413   0.4048000  -0.2950302
  -0.0773811   0.7005376  -1.1678755   0.1645802   0.0954053  -0.3183479
   0.2186794   0.0574365  -0.1952641   0.6209064   1.1500261  -0.6375545
   0.0120163   0.6028479  -0.1394744  -0.0583797   0.7205459  -0.0262573
  -0.3143317   1.4230320   0.5963932   0.1034827   0.2713319   0.5455168
  -0.6162585  -0.1826118  -0.0469358  -0.8838680  -1.2299223   0.1795301
  -0.0476977  -0.5695148   0.2481297  -0.2092671  -0.0715432  -0.0814135
  -1.1054915  -0.6307730  -0.1099580  -0.2785200  -0.2963564   0.1250036
   0.5712863  -0.4062665   0.4533399   1.5942025  -0.4677341   0.0823112
   0.4188936  -0.0398845  -0.2682328  -0.1405448  -0.4894798  -0.5122969
   0.3763876  -1.1717866  -0.7126190   0.4251629  -0.3176844  -0.0607100
  -0.2116865   0.2203834  -0.2134661   0.0439015   1.1362170  -1.2329672
   0.4043133   0.5941765  -0.2792449   0.1320899   0.1989140   0.0291417
   0.9125018   0.7614032  -0.4955578   0.2439007  -0.0987618  -0.2251101
  -0.1957749   0.0477582  -0.3129362  -0.5318123   0.0818370  -1.2455058
  -0.1318064  -0.0449609  -0.5283920  -0.0461275  -0.0126742  -0.5695555
  -0.6372940   0.4442456  -1.1345073  -0.3186698   0.2807496  -0.1523276
  -0.4585763  -0.3948500  -0.2763627  -0.2415409  -1.0599497  -1.3840165
   0.3373580  -0.1789587  -0.4623757   0.1394876  -0.1005637  -0.2095166
   0.6035577   0.2091183  -0.7104549   0.1357160   0.1942798  -0.1871728
   0.6022831  -0.2907223  -0.0614342   1.1794297  -1.2699589  -0.8604846
   0.0631883  -0.6384142  -0.2136207   0.6081410  -0.0952387  -0.3175953
   1.7012803   0.4418068   0.4350766   0.3472982   0.1744494   0.2298682
  -0.1240968  -0.3240168   0.5489407   0.4026851  -0.7710235   1.6285201
   0.4069016  -0.1695952   0.5424104   0.0709356  -0.3964863   0.4423221
  -0.2680988  -0.8098996   0.7643756  -0.2745281  -0.3746442   0.2208445
  -0.2542237  -0.3378658  -0.2469377  -0.8470468  -0.3848900  -0.2538105
  -0.1810002  -0.0496201  -0.0777048  -0.5476986  -0.4934688   0.1451488
  -0.5924844  -1.2666261  -0.6188906   0.0314287  -0.3156633  -0.6517233
  -0.2257132  -0.4991178   0.4113820  -0.7402045  -0.0986571   1.8208323
  -0.4873782   0.3169318   0.6862028  -0.4711701   0.4010570  -0.4562108
  -0.5172553  -0.0747899  -1.1279290  -0.0550651  -0.0470328  -0.1684530
   0.0865533  -0.0822244  -0.3425384   0.5561178   0.3749890  -1.2576095
   0.3795617   0.3759123  -0.2729612   0.5295359  -0.1019493   0.4687978
   0.9560620   0.0906512  -0.0292920   0.2346700   0.0974503  -0.1509979
   0.2497710  -0.2407819  -0.0359578   1.2021992  -1.3923306   0.0228602
   0.2873124  -0.5305343   0.1759439   0.0183335  -0.3858887   0.0321790
  -0.2779165  -1.7481125   0.4932867  -0.1525752  -0.3529194   0.2308001
   0.1444269   0.4926346  -0.0607275  -0.2221319   1.4143750   0.7439153
  -0.1419275   0.2618323   0.5814574  -0.0357690  -0.4322176   0.3264883
   0.5221444  -0.3956828   0.9143702   0.1643930   0.1931013   0.3044375
  -0.4039052  -0.3295825  -0.2276220  -1.2071158  -0.1357335  -0.7092459
  -0.3929206   0.1001552  -0.1498556  -0.2260839   0.2989956   0.6609058
   0.2172677   0.9548786   0.7515417   0.1479585   0.1589173   0.1934046
   0.0448884  -0.2718161  -0.4750580  -0.5812076  -1.1413276  -0.7281736
  -0.1816951  -0.3101575  -0.0912197   0.0177782   0.4195737  -0.1219132
   0.9241014   1.4027396  -0.0331272   0.5415304   0.2655135   0.0393749
   0.1067860  -0.3844789  -0.4507157   0.6377452  -0.8634892  -0.9242020
   0.2862955  -0.1819505  -0.1745328   0.4443417   0.1058979   0.5181813
   0.2729268  -0.2754313   1.5721982   0.1550282  -0.3181299   0.3030133
   0.1385935  -0.2165411  -0.2996625   0.2132484  -1.3050212  -0.9378743
  -0.0289756  -0.6954416  -0.1410085  -0.0135893   0.1138084  -0.2193742
  -0.0615010   0.3560651  -1.1851836   0.2588120   0.1732966  -0.7146610
   0.3861690  -0.0318722  -0.5625058   1.5606007   0.2459918  -0.5552741
   0.4387194   0.1308355  -0.0556700   0.1082062  -0.3867365   0.3434969
  -0.1639450  -1.2582965  -0.0508833  -0.3546093  -0.4126305  -0.2849723
   0.0210690   0.1713887   0.1547434   0.2070617   0.9367964   1.0127661
   0.1828126  -0.0533381   0.3265688   0.0542433   0.6025764  -0.0255494
   0.8456034   0.5861793  -0.5573173   0.5989010   0.0562172  -0.5243566
  -0.0193844   0.1030330   0.1537576  -0.1422729   0.9165629   0.5975099
   0.1954699   0.5487427   0.2130638   0.0205674  -0.1357483   0.4861166
   0.3060868  -0.1857200   1.4295428  -0.0374569   0.3151725   0.3840447
   0.3832253   0.1025759   0.0314906   1.2283282   0.6474308  -0.5988521
   0.1572808   0.1675952  -0.2709208   0.3653347   0.0980619  -0.3520993
   1.5081890   0.1336065  -0.7418408   0.3335323  -0.0302796   0.0348304
   0.1690487   0.2927864  -0.2622611   0.7145959   0.9952567  -0.1342324
   0.1277099   0.1138696   0.0198387   0.1275667  -0.2140982  -0.5892858
   0.8307560  -1.0127973  -1.1450252   0.5393618  -0.2849148  -0.0829218
   0.2309701   0.0241423   0.1649668   0.9719503  -0.3261619   0.5883712
   0.1479557  -0.2224929   0.1776453  -0.3464969   0.4532074  -0.2833991
  -1.3476739   1.0677799  -0.2690625  -0.5588007   0.0672071   0.1657460
   0.2698124  -0.6113652  -0.4449660  -0.1020876  -0.8335662  -1.2335846
  -0.2122882   0.0066222  -0.2627438  -0.3348684   0.1520608   0.2574540
  -0.9507617   0.4425727   1.4294695   0.1789900   0.0957469   0.7298826
   0.2437197  -0.5593623  -0.3706912   0.7980475  -1.4463948  -0.0343378
   0.3327647  -0.4515324   0.1305037  -0.1800186   0.1461935   0.1394805
  -0.8956939   0.9260991   0.2319793  -0.3710009   0.5195123  -0.3049133
  -0.2236118   0.4378706   0.1594161  -0.0656795   1.0505658   0.7194814
   0.3807511   0.2269893   0.0579996  -0.3461345   0.3803363  -0.2251817
  -0.3637812  -0.0089641  -1.1569914  -0.0460454   0.0037236  -0.2536483
   0.4247250  -0.1546739   0.4384226   1.2813028   0.4184149   1.1247153
   0.2303533   0.3745662   0.2410416   0.1655756   0.3197697  -0.5364175
  -0.0225598  -0.3777247  -0.9061352  -0.2379911  -0.4060077  -0.3945465
  -0.5591859  -0.3450582  -0.0454991  -0.0135304  -1.0952087  -0.9729245
   0.1622390  -0.2359787  -0.2886099   0.0544591   0.0481652   0.1580901
   0.7130284   0.0501595   0.6409869   0.2034278  -0.1348173   0.1464725
   0.2370867  -0.6003706  -0.0753413   0.0727705  -0.9048489   0.7092745
  -0.1023307  -0.1356241   0.2831830   0.0521316  -0.1941778   0.2576799
  -0.1758316  -0.8525750   0.9527584  -0.3493292  -0.3824701   0.3648364
  -0.2549198  -0.4713088  -0.3027634  -1.1328606  -0.5429769  -0.1426444
  -0.5541865   0.1505307   0.0066214   0.0092774   0.2242389   0.1566274
  -0.4604940   0.8358712   0.2114630  -0.2621592   0.1813538   0.0798223
   0.0177288  -0.3058801   0.2070613   0.7541834  -1.2550213   0.2734315
   0.3343973  -0.2850020  -0.1987691   0.0097919  -0.2980869  -0.7106334
   0.4250963   0.1989575  -1.6579945   0.1338181   0.1515239  -0.3687151
   0.1008939  -0.4157096   0.4081916   0.5842049  -0.9157803  -0.1136725
   0.0930195  -0.1305988  -0.0538801  -0.1955456  -0.1776173   0.5917883
  -1.5165040  -0.1731691   0.9271803  -0.5738346  -0.0347170  -0.0766181
  -0.2018829   0.3576264  -0.2189330   0.0900479   0.7524978  -1.6218755
   0.1544819   0.1190472  -0.4812991   0.4345449  -0.5890331  -0.0481455
   0.7987354  -1.7243628   0.6951260   0.0817027  -0.6799829   0.5862693
   0.5050497  -0.4558615  -0.4669014   0.8972922  -1.2360806  -0.4184328
   0.4495320  -0.2136578   0.2748876  -0.0643315   0.0202419  -0.3255814
   0.2331423   0.3446291  -1.3904525   0.0574849   0.4836572  -0.4113266
  -0.1071402  -0.2072798   0.2291917  -0.2116316  -0.4777044   1.0490819
  -0.0779347  -0.0804488   0.2765953   0.3165467  -0.1995244  -0.2364679
   0.7429422  -1.1220098  -0.0890695   0.5259679  -0.3300792   0.4492257
   0.1556648  -0.5810670  -0.0418689   0.6299583  -0.9366974  -1.3236335
   0.2555164  -0.0515425  -0.5233480  -0.1556534   0.4782514  -0.4026456
  -0.9808951   1.1668698  -0.4558086  -0.2941984   0.3313182   0.0147063
  -0.0283891  -0.2159948  -0.0223828  -0.0227697  -0.9147986   0.5946838
  -0.0994034  -0.1833666   0.3752502  -0.0903670   0.2083387   0.1439891
   0.1691872   0.8183907   0.2444593   0.1077381   0.1065624   0.0502236
   0.0107722   0.2362689   0.3641905   0.6757544   0.7451794  -0.1295237
   0.3918775   0.1689324  -0.2853243   0.4222555  -0.2033265  -0.5653880
   0.3530804  -0.8099478  -0.9015050  -0.0103750  -0.3687539  -0.0664573
   0.0386794   0.0792527  -0.2868879   0.4686397   0.7111007  -1.4133879
   0.3909895   0.5487909  -0.5161468  -0.1756521  -0.0861925   0.1307675
  -1.1659245  -0.3960655   0.0086527  -0.4548432  -0.3337657  -0.1269698
   0.1262818   0.1321663   0.2168455   1.0028292   0.9652714   0.3331309
   0.4890351   0.7680360   0.0951008  -0.1846304  -0.3829348  -0.4342726
  -1.1900253  -0.5757122  -0.2646946  -0.4720708  -0.1003953  -0.0097616
  -0.0596213  -0.6513493  -0.0873584   1.0038269  -1.2674484   0.1719264
   0.4158888  -0.2362830  -0.1655154   0.6410609  -0.1548991   0.1863957
   0.8721184  -1.0005231  -0.1500342   0.1986568  -0.1473446  -0.2798417
  -0.2660807  -0.3674107   0.1443351  -0.3095362  -0.9218721   1.4246617
   0.1190856  -0.0437722   0.8959150  -0.2791757  -0.0746646   0.1551909
   0.1546381  -0.3328240   1.0761544   0.4315018  -0.0684112   0.1537017
   0.0959641  -0.5099497  -0.4143597   0.5398907  -0.6217553  -1.1932054
   0.4044820  -0.0426270  -0.4605328  -0.1645242   0.3799084  -0.3403034
  -0.7724391   0.2350702  -0.8894792  -0.1747375  -0.0106241  -0.1154798
   0.5702570   0.8148796   0.2973879   0.3269437   1.2861392   1.2860070
  -0.0275568   0.1848700   0.7855071  -0.2456988  -0.1774256  -0.2030736
  -1.1814490  -0.7505510   0.3668843  -0.3183973  -0.1891121   0.3229884
   0.2394279  -0.2588418  -0.5764718   0.1916097  -0.9322796  -1.0841761
   0.0006974  -0.1968368  -0.1057205   0.2509288   0.1697974   0.0774942
   0.9467403  -0.2212712   0.4908922   0.0900015  -0.2266123   0.0184772
  -0.4095575  -0.1260058   0.2172328  -0.5956792   0.0874944   1.5085314
   0.0044047   0.1568109   0.4286314  -0.2616284  -0.2324422   0.1229631
  -0.8247789  -0.7659119   1.1047977  -0.0307693  -0.4499970   0.6307227
   0.1795151  -0.1401337   0.6380655   0.7926736   0.2372902   0.8709468
   0.3112679   0.0573717   0.1366399  -0.4583863   0.3789015   0.1912680
  -0.2892657   1.0514415   0.7299686  -0.0131592   0.2033484   0.2209372
   0.0201146   0.3455100  -0.0711481  -0.7697042   1.1928034  -0.5590509
  -0.2499246   0.3965163  -0.4501399   0.4436391  -0.5233329  -0.0554201
   1.6899129  -0.0135348  -0.9275809   0.5983254   0.3771205  -0.3802416
   0.0866405  -0.6368665   0.0030790   0.7051799  -1.2202703   0.9005042
   0.1391168  -0.2774983   0.1147151   0.0797878   0.3918741  -0.4894863
  -0.0011156   1.3038989  -0.0650981  -0.1302273   0.4649177   0.2397844
  -0.0989783  -0.0258592  -0.7595618  -0.5346387  -1.4502160  -0.9758568
  -0.1822639  -0.5349532  -0.0883167  -0.2291429   0.2819989  -0.1978875
  -0.2248391   0.5012942  -1.2973563   0.0332030   0.0652864  -0.4969148
   0.5343074   0.0639925  -0.1557578   0.7362339  -0.5460718  -0.9314077
  -0.0836880  -0.0826963  -0.2942825   0.2521572  -0.1253749  -0.0970866
   0.3734430  -0.6849901  -0.5374394   0.0571032  -0.1589175  -0.0676130
   0.3211631   0.0621239   0.2045476   0.8891359   0.5651018   0.4991455
   0.1791452   0.2911119   0.0675444  -0.0869640  -0.4491250  -0.3056110
   0.7458948  -1.6218622  -0.3903153   0.2495161  -0.4174105  -0.0187757
   0.2556046   0.7559633  -0.2676852   1.0918514   0.6574257  -0.3868748
   0.3791720  -0.0981573  -0.2365868   0.3685719   0.4558871   0.0671563
   0.1674836   1.3709666  -0.5814787  -0.1786350   0.3586807  -0.4289711
   0.0530469  -0.3068953   0.6043575  -0.5424921  -0.2971273   1.7411862
  -0.2925745  -0.0177016   0.6910826  -0.2393283  -0.1794750   0.0143002
  -1.0041085  -0.8667179   0.5728969  -0.1370374  -0.3338112   0.2327855
   0.4554122   0.3337467  -0.2530755   1.3825114   1.1997665   0.0939901
   0.3581436   0.1968773   0.2274616  -0.1792928  -0.2068542   0.0278669
   0.0896865  -1.2051479  -0.0725900   0.0484578  -0.6302389  -0.2831539
  -0.4160144  -0.3878239  -0.3763475  -0.7861961  -0.3008104  -1.3900955
   0.1101330   0.2933957  -0.4720378   0.1587602   0.2800185   0.1824231
   0.2935891   0.7659770   1.0050127  -0.2337538   0.1828455   0.5673477
  -0.3334785  -0.0463985  -0.3064417  -0.7415292   0.5108750  -0.4616574
  -0.0774690   0.1633933  -0.0284612  -0.2397608  -0.1187785  -0.2116357
  -0.6893864  -0.9053634  -0.5005722  -0.1805317  -0.3579135  -0.0590429
  -0.1419867  -0.0413961   0.5173043   0.6270589  -0.5245287   1.4190846
   0.0271524  -0.3041630   0.4331127   0.3218121  -0.2921198  -0.3434576
  -0.5393377  -0.9085689  -0.6495355  -0.2694902  -0.4078222   0.0339471
  -0.3237583  -0.2380994  -0.3532083  -0.9420376   0.0648774  -0.8975073
  -0.1748455   0.4105879  -0.1164767   0.2000661   0.2086166  -0.3233500
   0.7321129   0.6420369  -1.1667546   0.5401403   0.3240989  -0.1001247
  -0.4982407  -0.1073851   0.1779506  -1.1230603  -0.1004792   0.7620871
  -0.3111410  -0.0025251   0.1643347  -0.2708357   0.5373092  -0.2024876
  -0.1537760   1.7740190   0.0825055   0.3252126   0.5042579   0.3435356
  -0.1315750  -0.0702722  -0.1500292  -0.2201651   0.3777263  -1.1117764
  -0.0489565   0.1976582  -0.2620205  -0.0638956   0.4840421  -0.0355762
  -0.1806579   1.0228434   0.4614233  -0.0280898   0.1394886   0.1065686
   0.0641652  -0.2411343   0.0355795   0.6095248  -0.9887987  -0.2478206
   0.3831932  -0.2576875  -0.3901047  -0.0046720  -0.3458953   0.2048489
   0.0084583  -1.1614022   0.0603287   0.2634366  -0.4277509  -0.1341987
   0.0886759   0.3019105  -0.1372577  -0.4749723   0.0369717   0.0916942
  -0.1372565  -0.2342067   0.1534125  -0.0371233  -0.1820202  -0.0073011
  -0.5934413  -0.2756878   0.1939932   0.0122181  -0.0097663   0.0958439
   0.0770286  -0.0179262   0.0500498   0.6454322   0.0666235   0.0357810
   0.2835555   0.0193346   0.0068885  -0.2560454   0.1231473   0.3706713
  -0.2491896   0.4943737   0.2015126   0.0300243   0.0763376  -0.1012751
  -0.0606192  -0.1392225  -0.0416731  -0.1364051   0.0097347   0.2016784
  -0.1134198  -0.0705569   0.0791396   0.1871548  -0.1363114  -0.1460483
   0.0723543  -0.3367325   0.0320654   0.0256714   0.0000302   0.1154016
   0.4502242  -0.1132540   0.3879749  -0.1367996  -0.4444839   0.9102455
   0.0139394  -0.0352593   0.0877286   0.0114220   0.0790681   0.0339472
  -0.4668875  -0.1513113  -0.1381513  -0.2091909  -0.3278636  -0.0856995
   0.0450946   0.0090820   0.1123704  -0.0838484   0.3515141   0.1300769
  -0.0678832   0.0911214  -0.0003373  -0.1611234  -0.0651825  -0.0542871
  -0.6058442   0.0859426  -0.5587144  -0.3627253  -0.1277622  -0.1518577
  -0.0382051  -0.0312668  -0.0132764  -0.4995335   0.0987483  -0.4312204
  -0.0995529   0.1226253  -0.3808121  -0.1598708  -0.0917009  -0.2143590
  -1.1199035  -0.7768408   0.0449729  -0.1935866   0.0091221   0.2259005
  -0.1938590   0.0969352   0.4568744  -0.1399290   0.3871930   1.3810323
  -0.1697148   0.0557410   0.1650247  -0.0474019   0.1812599  -0.1305606
   0.0670599   0.3279435   0.0792285   0.0185269   0.1253469   0.1290079
   0.0743207   0.1948880  -0.0416207   0.3286323   0.2843041  -0.1581017
   0.1882253  -0.0121981  -0.0190545   0.1436154  -0.1175615   0.0009700
   0.5975144  -0.7537773  -0.2024788   0.0299919  -0.1665223  -0.1396787
  -0.0279727  -0.0507958   0.0158358   0.3864711  -0.1091265  -0.0372101
   0.0067758   0.2361461   0.2058477   0.0059554  -0.1758801  -0.0686956
  -0.1745779  -0.5232780   0.4793701   0.3725121  -0.0669202  -0.0950990
  -0.1864808  -0.0031536  -0.0922998  -0.3285998   0.0515101  -0.3061772
  -0.0518834   0.0519873  -0.0947425  -0.0325265  -0.0410043   0.0531627
  -0.3415070  -0.1300709   0.5820854   0.0447229   0.0240916   0.3685583
  -0.0376043  -0.5402411  -0.0565077   1.0554359  -1.1848867   0.5440636
   0.2337233  -0.0301620   0.0579506   0.0441497  -0.2217213   0.1134058
   0.0474248  -0.3842297   0.5290025  -0.0459982   0.0195707   0.1650780
  -0.0091038   0.0273793  -0.0845581  -0.0827587  -0.1078204   0.4285980
   0.0171335   0.1512565   0.1083356   0.0525281   0.0114012   0.0233120
   0.3376983  -0.1862131   0.4145759  -0.0798572  -0.1234973  -0.0789223
   0.0842791   0.1858359  -0.0431285   0.0601666   0.3640148  -0.2482498
   0.0049405  -0.0135585  -0.1225776   0.0377003   0.0198852  -0.0131311
   0.3163882  -0.0651418  -0.2953764   0.1432368  -0.0406119  -0.1072978
  -0.0366398   0.0040403  -0.0959607  -0.4471393   0.7845469  -0.6619336
  -0.3826700   0.0873232   0.1801233  -0.0712826   0.1501127  -0.0269341
   0.1106052   0.1583113  -0.3922925  -0.0385056   0.0149777  -0.1751149
  -0.0671265  -0.0539604   0.1051676   0.1427077  -0.1208928  -0.2516908
  -0.1125247  -0.0807686  -0.0081684  -0.0177032  -0.0263348   0.0631795
  -0.0100435   0.0031527   0.6074278   0.0249601   0.0606761   0.0982162
  -0.0183839  -0.0381515  -0.0094139   0.1743277  -0.3436035   0.7251092
  -0.0822848   0.0396578   0.1912764  -0.0840510   0.1438784  -0.1988421
  -0.6864315   0.3507022  -0.3558459  -0.1278884  -0.2067954   0.0045635
   0.0502789  -0.0834765  -0.0654031   0.3198561  -0.1652824   0.1570927
   0.0139158  -0.1948665  -0.1631804   0.0983561   0.0647003  -0.0947377
   0.1579589  -0.0300732  -0.2264329  -0.1481807   0.0062266  -0.1918601
  -0.0463787  -0.0227780  -0.0382363   0.0464725  -0.4174289   0.0526196
  -0.0438922   0.0061542   0.0331381  -0.0162802  -0.1176936  -0.0282076
   0.2332975  -0.7042810   0.0839328  -0.0337946  -0.1258072  -0.1654352
   0.0139726  -0.0659214   0.0223986  -0.4739177   0.0116729  -0.2729168
  -0.1525384  -0.1929959   0.1290442   0.0216663  -0.1450358   0.1826896
   0.2627928  -0.5081710   0.9310786   0.0257254  -0.0627465   0.1429239
   0.1672009   0.0564897  -0.0592306   0.7903497  -0.5796522  -0.4477747
   0.1213330  -0.0166995  -0.0050435  -0.0644056  -0.0168078  -0.1357315
   0.1620782   0.1921151  -0.1850815   0.0172426   0.0712480   0.0576600
   0.3231376  -0.4002259  -0.3068786   0.5043164  -0.7830901  -0.0315791
   0.0443712  -0.1243149  -0.0009531   0.0290301   0.0403967  -0.0205209
  -0.2068380   0.1098048  -0.0646288   0.0253950  -0.1113154  -0.0958481
   0.2017207   0.0858800  -0.1287038   0.3002966   0.4247397   0.0287700
   0.1018457   0.2880512  -0.1773832  -0.0743053  -0.0331624   0.1679205
  -0.0236177   0.0345979   0.1122631  -0.2976376  -0.1116348  -0.0474304
   0.2337882  -0.1695320  -0.2448745   0.2378343   0.2425778  -0.5673722
  -0.0939452  -0.0275178  -0.2304518   0.0294435  -0.0025358  -0.1263342
   0.5117962   0.0740309  -0.5082891   0.1954166  -0.0103438  -0.1303212
  -0.1862972   0.0055444   0.3939598  -0.4158104  -0.2960261   0.6785705
  -0.0231587  -0.1346780  -0.2038857  -0.0183341  -0.1195295   0.0796507
  -0.2538992  -0.0289891  -0.0715797  -0.0090263   0.0376622  -0.0021887
  -0.1753876  -0.1034254  -0.0511817  -0.3076694   0.1487744  -0.4477927
   0.0877046  -0.0741352   0.0624786   0.0668125   0.0786725   0.0990236
   0.0893358   0.5189843   0.4321240   0.0001002   0.0806861   0.0518719
   0.1015425  -0.0206623   0.1658316   0.4683577   0.0783898  -0.2979110
   0.0079561   0.1499169  -0.0778441   0.0367004   0.0329969   0.0227355
   0.2986615  -0.0699510   0.0152155   0.1014188   0.0071997   0.1474857
  -0.0870055  -0.0041402  -0.1210223   0.1820388   0.0836840  -0.1427588
   0.2112021   0.0554742   0.0995730   0.0626595  -0.0209202  -0.0653779
   0.5993064  -0.1504535  -0.3454477   0.0411493   0.0063582  -0.0544632
   0.1921419  -0.2837215   0.0539143   0.5248232  -0.5034643   0.3523887
   0.0995960  -0.0213578   0.0540374  -0.0465122   0.0694837   0.0588201
  -1.7533550   0.6325335   0.3373415  -0.3024788   0.0863944  -0.2045338
  -0.1458591  -0.0509939  -0.1511022  -0.9957866  -0.2634817  -0.2113670
  -0.1379675   0.0518592  -0.1184673   0.2475771  -0.3469840  -0.1497529
   0.1441943  -0.6083997  -0.1939503   0.1854038   0.1379720  -0.2280425
  -0.0232649  -0.0731685   0.0764571  -0.0391345   0.1932959  -0.0263205
   0.0309193   0.0478918  -0.0168663  -0.1369392   0.0770698   0.0117462
  -0.0518314   0.6249293  -0.5687491   0.1064465   0.0595834  -0.1483620
   0.0993714  -0.1052398   0.1558958  -0.0239848  -0.1346771   0.5994067
  -0.0287613  -0.0712671   0.0611294   0.1757032  -0.0757776   0.2102642
   0.1266917  -0.3899389   0.1254677   0.1507018  -0.0077382   0.1946973
   0.0347713   0.1182686  -0.2406049   0.5509796  -0.3953638  -0.5312747
   0.1220702  -0.1464054  -0.1391644  -0.0675460  -0.1058649  -0.1319785
   0.7966619  -0.1270104  -0.8388295   0.1560814   0.1951398  -0.1453424
   0.1205067   0.0004200  -0.0491055   0.1330065   0.0012290  -0.2365232
   0.0082219  -0.0672492   0.0230853  -0.4621816   0.4924245  -0.3532802
  -0.8954166   0.6018775   0.2245653  -0.2168661   0.0088427   0.0891347
   0.0236269  -0.1429634   0.1124441   0.2842592  -0.2367807   0.3122939
   0.1459846  -0.0376987   0.0014906   0.0366124   0.0136574   0.0662561
   0.1999166  -0.2014579  -0.3539566   0.2676844  -0.0778219  -0.1743838
   0.2674638   0.1477582  -0.0442926   0.5572326  -0.5471223  -0.1097186
   0.0890466  -0.1318605  -0.0024716  -0.0201848   0.1519321  -0.0225511
  -0.1244585  -0.2523183  -0.2502960  -0.1002492   0.1226579  -0.1987048
  -0.0657064   0.1581811   0.2612447   0.2496224   0.0879942  -0.1706460
   0.1971555   0.0741323   0.0151883  -0.3200209  -0.0843582   0.0278631
  -0.6252425   0.1341329  -0.0128117  -0.1708742   0.0682868   0.1167169
  -0.0018659  -0.0260753   0.1780628  -0.5884860   0.3386566   0.3187627
  -0.0887637   0.0184378   0.0147650   0.0382097   0.0402075   0.1263552
   0.6166835   0.1005649   0.4983913   0.2045688  -0.1194426   0.1522906
   0.0605239  -0.1270704   0.0300613   1.0059141  -0.0127382  -0.4823731
   0.3690511  -0.0740245  -0.0524668  -0.2780224  -0.4000908   0.0172858
   0.7774258   0.1744150   0.4629117   0.1218583   0.0116033   0.0347176
   0.1938712   0.1542998  -0.0975303   0.4793334   0.1297045  -0.2721431
   0.2288310  -0.1081667  -0.0584439   0.0176070   0.1046455   0.0309226
   0.0602899   0.5501100   0.3837827   0.0757033   0.0663826   0.1130600
  -0.0391668  -0.0619516   0.0522339   0.0848333  -0.8476383   0.0901373
  -0.2210103  -0.1673379  -0.1385098   0.1941461  -0.0240879  -0.0527725
   0.4118446   0.1350001  -0.1235870   0.0455986  -0.0164838  -0.0155196
   0.0047387  -0.0656301   0.0799955  -0.2341219  -0.2111718   0.1488783
   0.0130331  -0.1623808   0.1346194   0.3169121  -0.1914580  -0.2734066
   1.2035530   0.1635232  -0.6034760  -0.0778644   0.0064498  -0.0645257
  -0.3005327  -0.0441884  -0.0864561  -0.4502860   0.0619054  -0.0765719
  -0.1178121  -0.1438532  -0.1643965   0.0235484   0.1473555  -0.2102016
   0.3720516   0.0674155  -0.1521239   0.1083507   0.0556926  -0.0297625
  -0.0627405   0.0844534  -0.0928623   0.1444106   0.3293894  -0.2514064
  -0.0939917   0.3252645   0.1329052   0.0229965   0.1073146  -0.0792471
   0.3433468   0.5579636  -0.4330746   0.1100771   0.0533228  -0.1437295
   0.1864994   0.0523310   0.1793748   0.2716531  -0.0433178  -0.5453540
   0.0384856  -0.0599217  -0.2377087   0.1706049   0.0287843  -0.0114112
   0.2531842  -0.2995186   0.0067954   0.1757710  -0.2736670   0.0473451
  -0.0564939  -0.1831188   0.0441596   0.1977349  -1.0097897  -0.4296765
   0.3017846  -0.3173176   0.0907235  -0.0371273  -0.4165009   0.1416721
   0.6416169  -0.9592125  -0.1808737   0.0090282  -0.2117841   0.1975304
  -0.2765080  -0.1393168  -0.1478002  -0.4069391  -0.1213237  -0.5168284
   0.2448643   0.1774201  -0.1746583  -0.3201145   0.0569065  -0.0502706
  -0.7530120   0.1217939  -0.3658459  -0.0091084  -0.0068951  -0.1013231
   0.1494738  -0.1565955  -0.1619537   1.1049180   0.1776994  -0.3325561
   0.0467753  -0.0816696   0.0634000   0.0182597   0.2266064  -0.2429907
   0.5450172   0.4680191   0.0832043   0.2744836   0.3565328   0.1944651
  -0.5989849   0.0240386   0.3635841  -0.6004524  -0.1587137   0.3794573
  -0.1084204   0.2768782   0.0434977  -0.0826311   0.0836110   0.0066169
  -0.5040791   0.3375650  -0.2261013  -0.1213275   0.1286296   0.0182352
   0.1875402  -0.3826553  -0.0725835   0.1597109   0.0697091   0.6596221
   0.1008777   0.0464410   0.0988230  -0.2589609   0.0075480  -0.1373027
  -0.3484693  -0.2206922  -0.3047792   0.1555882  -0.2527893  -0.1263482
  -0.1374888  -0.0335339  -0.0917550   0.3055174   0.6512114  -0.5125932
   0.1371615   0.1265341   0.0891252   0.0482835   0.0036548  -0.0860614
  -0.1130785  -0.1225026  -0.8657968   0.0362921  -0.0801776  -0.1902004
   0.0501368   0.2154952  -0.0888354   0.2205545   0.6207713  -0.2901189
   0.0623317  -0.0042355  -0.0076535   0.1309263   0.0131827  -0.1310525
   0.2988532   0.4142264  -0.3300884   0.0843740   0.1232118   0.0998678
  -0.2892661  -0.1505305  -0.2990692  -0.7955402  -1.7619233  -1.0457422
   0.0563273   0.0109331  -0.2653070  -0.0260698  -0.0734629   0.0121513
   0.0282645  -0.2743637  -0.2035666  -0.0262807  -0.0951118  -0.1547600
   0.0494414   0.0063945   0.1896039   0.0006831  -0.3536278  -0.1991682
   0.0843282  -0.1745415  -0.0139078  -0.0768863  -0.0924872  -0.2383343
   0.9814684  -0.0099092  -0.9940625   0.1222859   0.1669174  -0.0458408
   0.0291313   0.1010575   0.2045137   0.6932195   0.0491403   0.4371935
   0.2184340   0.1876946   0.0133468  -0.0459400  -0.1235821   0.0695086
  -0.0124787  -0.4606337   0.5237161  -0.1444168  -0.1184893   0.0067705
  -0.1300747   0.0293903  -0.0103172  -0.6148792   0.1224505   0.2737388
  -0.0967713   0.0471134   0.0300687  -0.1108359   0.0562695   0.0139096
  -0.1259668  -0.2125880   0.0433570  -0.0726754  -0.0050558  -0.1192983
  -0.1227373  -0.2578255   0.2788922  -1.1888150  -0.1848106   1.0992963
  -0.2881284   0.0397473   0.0272885  -0.2638222  -0.0939578   0.0266078
  -0.5939144  -0.7091493  -0.1280679   0.0121650  -0.1380544   0.0162085
  -0.1083561  -0.0058375  -0.0476624  -0.2565904   0.1337309  -0.3302544
  -0.0216232   0.0959291  -0.0858523  -0.1413531  -0.1506761  -0.0451533
   0.4020536   0.1412224  -0.1706568   0.1571113   0.0846469  -0.0762338
   0.0696905   0.0567933   0.0609441   0.2174590   0.3377680   0.3184658
  -0.0146829   0.1030671   0.0104287   0.0523226  -0.0763104   0.0978480
   0.2356813  -0.9946084   0.0363843   0.0007787  -0.0714966   0.0649171
   0.0163360   0.2925190  -0.0755394   0.3198385   0.8594908  -0.1788904
   0.1032932   0.0801906   0.0642731   0.1859390  -0.1738557   0.0036251
   0.9031908  -0.9376548   0.4071560   0.1504029  -0.1331514   0.0974110
  -0.0848939  -0.0275114  -0.2853547  -0.5154903  -0.0655630  -0.8158908
  -0.1579059  -0.0435514  -0.1692790  -0.2532960  -0.1757970  -0.0015259
   0.1907996   0.3215368   0.0811446   0.3016146   0.0506283  -0.2089226
  -0.0657702  -0.0037844  -0.1446017  -0.2852192  -0.5451023  -0.1732447
   0.0250560   0.0524467   0.0423828   0.0646781   0.1758948   0.0492810
  -0.0901871   1.0105648   0.3366767   0.1035280   0.2039488  -0.0718112
   0.1993962   0.1283944  -0.2659414   0.3774641  -0.1022590  -0.4279583
   0.1133221  -0.0313503  -0.1362519   0.1919067   0.1497400   0.0144815
   0.4955184   0.6658092   0.7962240  -0.0176865  -0.0674321   0.3539383
   0.2748919   0.0869793  -0.1448687   1.0189283  -0.9169158  -0.7119782
   0.1283872  -0.3367558  -0.1234817  -0.1071757  -0.0289113  -0.0159864
  -0.4127571  -0.4298834  -0.2637474  -0.0727396  -0.2279161  -0.0148417
   0.1024428  -0.2402504  -0.1347128   0.3343355  -0.0905407  -0.0930310
   0.1695594  -0.0951856   0.1778633  -0.0387883  -0.0519127  -0.0430776
  -0.5047115  -0.3891236  -0.3769244   0.0578016  -0.1455211  -0.2411731
   0.0141030   0.0593157  -0.0953372  -0.0069162   0.6376315  -0.0938832
   0.0226210  -0.0891195   0.2330273   0.0629348   0.1517457   0.0898630
  -0.0407624   0.2187941   0.1686847   0.3186710  -0.0053461   0.2094054
  -0.0799859   0.0180274   0.0596659  -0.1865543   0.1979185   0.1207896
   0.1112076   0.0089726   0.0521012   0.0830369  -0.0355171   0.0208638
   0.4677907   0.3943365   0.2043628   0.0797777   0.1892898   0.0567441
   0.2259643   0.1242343   0.0027269   0.7105215   0.4515435  -0.2816156
   0.1422667   0.0947111  -0.0888775   0.0861240   0.0399702  -0.2255559
   0.0654681  -0.1087337  -0.5927396   0.1951180  -0.0877990  -0.1468661
   0.1090084   0.0981287  -0.0096828   0.5904988   0.0627064   0.1317076
   0.0534048   0.0238508   0.0134320  -0.0383231   0.1937988  -0.1830402
  -0.3454002   0.1005864  -0.5411187  -0.0479911  -0.1200117  -0.0341349
   0.0210657  -0.1047246  -0.0370049   0.3111001  -0.7578145  -0.3376489
   0.0254059  -0.1512217  -0.0563101  -0.1076441   0.1023856   0.0103925
  -0.6740716  -0.0058610  -0.4782631  -0.0725920  -0.1060149  -0.1128243
  -0.1321490  -0.0953984   0.1793500  -0.0554285   0.0992163  -0.5337032
  -0.1099010   0.0785170  -0.0759690  -0.2515709   0.1060091   0.0604295
  -0.1277633   0.1162580   0.0930109  -0.0679274  -0.2997220   0.3207501
  -0.0960214   0.0992618  -0.2512812   1.1146701  -0.4071894  -0.9470403
   0.0692015  -0.2598957   0.0819715  -0.0235320  -0.0236651  -0.0051565
  -0.1330987  -0.0915174   0.0187857  -0.0639872   0.0772395  -0.0519986
  -0.0481011   0.2602173   0.1452512   0.5242752   0.5996326  -0.2419576
   0.0061272   0.0051927  -0.0576720  -0.1435919   0.1135474   0.0070419
  -0.8106077   0.1053525  -0.4002618  -0.0628749  -0.0892970  -0.0665536
  -0.0492701  -0.1089600  -0.1438407   0.1658218  -0.0466568  -0.5253163
   0.1754714   0.1229396   0.0317379   0.2951209   0.0854191  -0.1755558
  -0.2135303  -0.1296931   0.0660039   0.0313338  -0.1275790  -0.0915474
  -0.0248102   0.1874844   0.1699713  -0.5532852   0.0077596   0.4445683
   0.0159317  -0.0486240  -0.0053186   0.0779872   0.0755120   0.1071692
   0.4182716   0.6763459   0.5530005   0.0744649   0.0751220   0.1397551
   0.1452785  -0.1347350  -0.0036560  -0.1373430  -0.3942795  -0.1072192
   0.0278359  -0.0825879  -0.0198969   0.1332086   0.0318023   0.0457561
  -0.1486690  -0.2623683   0.3198700  -0.1968351   0.1754397   0.1884908
  -0.0038047  -0.9780371   0.1166253  -0.8160226  -0.2735482  -0.0287062
  -0.0898895  -0.0208464  -0.0665153   0.0040311   0.0594283  -0.0173420
   0.2341377   0.7287534  -0.2537144   0.1217402   0.2071666  -0.0589165
  -0.1065988   0.0174644   0.1202382  -0.4073207  -0.3458299  -0.1628150
  -0.2066344  -0.0038015  -0.1483126  -0.0534515   0.0831848  -0.1891293
  -0.2106334   0.8891824  -0.8535924  -0.0078313   0.1076625  -0.1031355
  -0.2032887   0.1339843   0.1130338  -0.4075501  -0.8821517   0.4232486
  -0.0379619  -0.0689201  -0.0185898   0.2676258  -0.2884102   0.1814053
  -0.1404450  -0.9320846   0.6702661  -0.0304191  -0.1410143   0.1390360
  -0.0963398   0.1740569  -0.1427037  -0.1513475  -0.0287965   0.0798580
   0.0360245   0.0772656  -0.1196672   0.0475694  -0.0393831  -0.0251402
   0.0415098  -0.6775883  -0.1030274  -0.0928751  -0.1187078   0.1903968
   0.1640067  -0.1545959  -0.0480121   1.0225582  -0.5581923   0.4444830
   0.1963558   0.0256847   0.2208790  -0.0824848   0.0270825  -0.1416044
  -0.6776290   0.0371534  -2.0072175   0.1380567   0.1604373  -0.2868912
  -0.0132194  -0.0444580  -0.0864532  -0.1735317  -0.3850645   0.1060857
  -0.0647587  -0.0062664  -0.0360735   0.2039517  -0.4121874  -0.1902154
   0.6703315  -0.4416632  -0.1274267   0.1628385  -0.0323613   0.1240002
  -0.0003452  -0.1153319   0.1315930   0.5102059  -0.4461589   0.4562305
   0.0996074  -0.0743022  -0.0241379  -0.0314361   0.0962789  -0.0681670
  -0.6604656   0.5663221   0.1575907  -0.0774047   0.0705264   0.0244024
  -0.1136491  -0.1962207  -0.0325535  -0.8158359  -0.2100702   1.0614141
  -0.1636984  -0.0323782   0.3255202  -0.0850139   0.0606499   0.0799273
   0.3442679   0.1618801   0.1835898   0.0026143  -0.0997300   0.0523629
   0.1649321   0.0456009   0.2158520   0.3377368   0.5087947   0.6123764
   0.0814316   0.2351704  -0.0965490  -0.1140027  -0.0811796  -0.5608992
  -0.1625115  -1.2681992  -0.1886934  -0.0408023  -0.1342553   0.1250018
   0.0019428   0.0337022  -0.1140390   0.7642015   0.6807477  -0.8944765
   0.4086371   0.3366738  -0.0637050  -0.0798462  -0.1452644   0.0953107
  -0.9998401  -0.5553227   0.3120800  -0.0531711  -0.2044708  -0.0204759
   0.0353398  -0.0258977   0.0079702   0.4384221  -0.4251289   0.7278643
  -0.0115401   0.2712339   0.2217527   0.0451174  -0.1008180  -0.1066471
  -0.6548351  -0.3350309  -0.3801211  -0.1041662   0.0593725  -0.0401190
   0.1161013  -0.3406884  -0.0903685   0.0272178  -0.4798851  -0.8953915
  -0.0255746   0.0424354  -0.2424640   0.1358254  -0.1183312  -0.1129803
  -0.4476756  -0.4274530  -1.1228712  -0.0787993  -0.0317775  -0.2165011
  -0.1534972  -0.1560496   0.0125581  -0.1325689  -0.0623521   0.1687551
   0.2434482   0.0314465  -0.1486994  -0.1459035  -0.0828640   0.0640888
  -0.0208826  -0.3524167   0.2058953  -0.0604670  -0.1692049  -0.1500577
  -0.0966928  -0.0761191  -0.1847454   0.1241350  -0.2728553  -0.5021364
  -0.1325932   0.0292415  -0.3579417  -0.0500370   0.0474096  -0.1178047
  -0.4759517  -0.1098386  -0.1410752  -0.0394434   0.0436545   0.0514171
   0.3699296   0.0365419  -0.3106831  -0.5082304   0.3828381   0.0112164
   0.0770391   0.5332388   0.4143863  -0.0860978   0.0354123  -0.0179940
  -0.3729302   0.2278046  -0.1963791  -0.1915693   0.1040421  -0.0305996
   0.1602823  -0.0240345  -0.1912290   0.3071879  -0.1654747  -0.3644981
   0.0439728  -0.1115890   0.0024299   0.0478848   0.0413613  -0.0150154
   0.6161392   0.6380627   0.1713750   0.1232691   0.0243044   0.0237212
  -0.1407557   0.1585056   0.0979493  -0.1482788   0.6276853   0.5244491
   0.0376531   0.0345704   0.1261835  -0.1349016  -0.1287815  -0.0105889
   0.0184183   0.0244577   0.4659776   0.0389402   0.1466997   0.3426099
  -0.0831271  -0.2593445   0.1452991   0.3747074  -0.8213222   0.9595158
   0.0531387  -0.1561194   0.0412917  -0.0088234   0.1100419  -0.0009751
   0.0080080   0.1278448   0.3283423  -0.0416118  -0.0055966  -0.0058474
   0.0593167   0.0128008   0.0535810  -0.0935423   0.1357359   0.7191027
  -0.3414260   0.0189550   0.2413123  -0.2211717  -0.2130100  -0.1276621
   0.3046101  -0.6119036  -0.0325422   0.0111496  -0.0097891  -0.2023403
  -0.0089749  -0.0615139  -0.2362269   0.3260582  -1.2085578  -0.5347878
   0.0794704  -0.1363070  -0.0281784  -0.1012931   0.0795685  -0.1328252
   0.3707528   0.1231889   0.3235621   0.0901262   0.0989112   0.1790673
  -0.0388574   0.0638522  -0.2285317  -0.8568240   0.0729353  -1.1896501
  -0.2358020  -0.0113270  -0.1054209   0.0123238   0.0853354  -0.0058233
   0.1839545   0.2908702  -0.2543222  -0.0260229  -0.0010748  -0.1599931
  -0.0085107   0.1933404   0.0579423   0.4854016   0.2517395  -0.3001847
  -0.0301951   0.0370041  -0.1638757   0.0871143  -0.1416716   0.0490886
  -0.1413756  -0.4457984   0.1129466  -0.0127248  -0.0190669  -0.0058227
   0.1459683  -0.1402805   0.0836820  -0.1073452  -0.1968370   0.4860015
  -0.1354361   0.0447075   0.0538896  -0.1116610  -0.1988281   0.1263562
  -0.2532209  -0.4268291   0.7577128  -0.0831253  -0.0051405   0.1470384
   0.3033004   0.0626969   0.0126674   0.6751327  -0.1453707  -0.0988621
   0.0651223   0.0075944  -0.0751335   0.1198564   0.2715158   0.0267258
   0.2872816   0.6495548   0.2100536   0.1262594   0.1964744  -0.0365819
   0.0418786  -0.1750157   0.0277882  -0.3703354  -0.4165081  -0.0733779
  -0.0489811  -0.0912884  -0.0694400  -0.0354164   0.0556878   0.0674935
  -0.1206115   0.3592857   0.3118833   0.0831778   0.0162638   0.1069346
   0.1826433  -0.0072047  -0.1311226   1.4762144   0.2393124  -0.7892225
   0.1195410   0.0742776   0.0360368  -0.1175843  -0.0669594   0.0237696
  -0.5324788  -0.3821563  -0.3293123   0.1152291  -0.2800928   0.0614362
  -0.1525160   0.0079236  -0.1313262   0.5212082   0.1123884  -0.9158062
   0.2809459   0.0556710  -0.1450202   0.0642009  -0.0374287  -0.0251857
   0.1864706   0.0963663   0.0157663   0.1013258  -0.2044574   0.2690154
   0.0987552   0.0029127  -0.2479487  -0.0358667   0.6148711  -1.1614070
   0.0443668   0.0833657  -0.1271154  -0.0943216   0.0047817   0.0378433
  -0.5692635   0.0189309   0.1847648  -0.3381022  -0.0448254   0.1052153
  -0.1393954   0.0768073   0.1090187  -0.2098224  -0.0024913   0.6345236
   0.0245052  -0.0491200   0.0392840   0.0308185  -0.1161939  -0.1239794
  -0.0989802  -0.1311622  -0.3455241  -0.0854222  -0.0628561  -0.0830639
  -0.3355869  -0.2021780   0.0294381  -1.0686061  -0.5949175  -0.1101278
  -0.3225467  -0.0126231  -0.0635045   0.0160167   0.1281267   0.0845529
   0.6337081   0.5348575   0.0810769   0.0443396  -0.0348959   0.1524197
  -0.1664587  -0.0494142   0.0662052  -0.1004347   0.4599520   0.7158678
   0.0187656   0.1004882   0.1315842  -0.0607262   0.0797473  -0.0750737
  -0.3175418  -0.3563984   0.0870150  -0.0480364  -0.0606741   0.2195308
  -0.0294234  -0.1055556  -0.1025219   0.3791114  -0.0551531  -0.4777138
   0.0346654   0.0487912   0.0134781   0.0064738   0.2842414   0.0410573
  -0.1203501   0.8847695   0.6265247   0.0530005   0.0583784   0.0555532
   0.0866044  -0.1332807  -0.1248388   0.6607448  -0.7012947  -0.7682122
  -0.1138615  -0.1322564  -0.2937751  -0.2096711  -0.0733480   0.1278174
  -0.4329303   0.1451595   0.0541572  -0.0216845  -0.0364579  -0.0306142
